+-----------+-------------+-------------------+----------------+------------------+----------------+------------------+--------------------+------------------+------------------------+--------------------------+------------------------+
|   R0_kids |   R0_adults |   R0_grandparents |   TI_kids_VE_0 |   TI_kids_VE_0.8 |   TI_kids_VE_1 |   TI_adults_VE_0 |   TI_adults_VE_0.8 |   TI_adults_VE_1 |   TI_grandparents_VE_0 |   TI_grandparents_VE_0.8 |   TI_grandparents_VE_1 |
+===========+=============+===================+================+==================+================+==================+====================+==================+========================+==========================+========================+
|     1.7   |        1    |                 2 |        27.1199 |          50.012  |         57.116 |          23.205  |            42.6436 |          9.95462 |                      1 |                        1 |                      1 |
+-----------+-------------+-------------------+----------------+------------------+----------------+------------------+--------------------+------------------+------------------------+--------------------------+------------------------+
|     1.7   |        1.25 |                 2 |        27.1199 |          50.8314 |         57.116 |          23.205  |            43.1178 |          9.95462 |                      1 |                        1 |                      1 |
+-----------+-------------+-------------------+----------------+------------------+----------------+------------------+--------------------+------------------+------------------------+--------------------------+------------------------+
|     1.7   |        1.5  |                 2 |        27.1199 |          51.4049 |         57.116 |          23.205  |            43.4374 |          9.95462 |                      1 |                        1 |                      1 |
+-----------+-------------+-------------------+----------------+------------------+----------------+------------------+--------------------+------------------+------------------------+--------------------------+------------------------+
|     1.7   |        1.75 |                 2 |        27.1199 |          51.8306 |         57.116 |          23.205  |            43.6676 |          9.95462 |                      1 |                        1 |                      1 |
+-----------+-------------+-------------------+----------------+------------------+----------------+------------------+--------------------+------------------+------------------------+--------------------------+------------------------+
|     1.7   |        2    |                 2 |        27.1199 |          52.1602 |         57.116 |          23.205  |            43.8414 |          9.95462 |                      1 |                        1 |                      1 |
+-----------+-------------+-------------------+----------------+------------------+----------------+------------------+--------------------+------------------+------------------------+--------------------------+------------------------+
|     1.775 |        1    |                 2 |        27.2173 |          50.012  |         57.116 |          23.2631 |            42.6436 |          9.95462 |                      1 |                        1 |                      1 |
+-----------+-------------+-------------------+----------------+------------------+----------------+------------------+--------------------+------------------+------------------------+--------------------------+------------------------+
|     1.775 |        1.25 |                 2 |        27.2173 |          50.8314 |         57.116 |          23.2631 |            43.1178 |          9.95462 |                      1 |                        1 |                      1 |
+-----------+-------------+-------------------+----------------+------------------+----------------+------------------+--------------------+------------------+------------------------+--------------------------+------------------------+
|     1.775 |        1.5  |                 2 |        27.2173 |          51.4049 |         57.116 |          23.2631 |            43.4374 |          9.95462 |                      1 |                        1 |                      1 |
+-----------+-------------+-------------------+----------------+------------------+----------------+------------------+--------------------+------------------+------------------------+--------------------------+------------------------+
|     1.775 |        1.75 |                 2 |        27.2173 |          51.8306 |         57.116 |          23.2631 |            43.6676 |          9.95462 |                      1 |                        1 |                      1 |
+-----------+-------------+-------------------+----------------+------------------+----------------+------------------+--------------------+------------------+------------------------+--------------------------+------------------------+
|     1.775 |        2    |                 2 |        27.2173 |          52.1602 |         57.116 |          23.2631 |            43.8414 |          9.95462 |                      1 |                        1 |                      1 |
+-----------+-------------+-------------------+----------------+------------------+----------------+------------------+--------------------+------------------+------------------------+--------------------------+------------------------+
|     1.85  |        1    |                 2 |        27.3078 |          50.012  |         57.116 |          23.3167 |            42.6436 |          9.95462 |                      1 |                        1 |                      1 |
+-----------+-------------+-------------------+----------------+------------------+----------------+------------------+--------------------+------------------+------------------------+--------------------------+------------------------+
|     1.85  |        1.25 |                 2 |        27.3078 |          50.8314 |         57.116 |          23.3167 |            43.1178 |          9.95462 |                      1 |                        1 |                      1 |
+-----------+-------------+-------------------+----------------+------------------+----------------+------------------+--------------------+------------------+------------------------+--------------------------+------------------------+
|     1.85  |        1.5  |                 2 |        27.3078 |          51.4049 |         57.116 |          23.3167 |            43.4374 |          9.95462 |                      1 |                        1 |                      1 |
+-----------+-------------+-------------------+----------------+------------------+----------------+------------------+--------------------+------------------+------------------------+--------------------------+------------------------+
|     1.85  |        1.75 |                 2 |        27.3078 |          51.8306 |         57.116 |          23.3167 |            43.6676 |          9.95462 |                      1 |                        1 |                      1 |
+-----------+-------------+-------------------+----------------+------------------+----------------+------------------+--------------------+------------------+------------------------+--------------------------+------------------------+
|     1.85  |        2    |                 2 |        27.3078 |          52.1602 |         57.116 |          23.3167 |            43.8414 |          9.95462 |                      1 |                        1 |                      1 |
+-----------+-------------+-------------------+----------------+------------------+----------------+------------------+--------------------+------------------+------------------------+--------------------------+------------------------+
|     1.925 |        1    |                 2 |        27.3921 |          50.012  |         57.116 |          23.3662 |            42.6436 |          9.95462 |                      1 |                        1 |                      1 |
+-----------+-------------+-------------------+----------------+------------------+----------------+------------------+--------------------+------------------+------------------------+--------------------------+------------------------+
|     1.925 |        1.25 |                 2 |        27.3921 |          50.8314 |         57.116 |          23.3662 |            43.1178 |          9.95462 |                      1 |                        1 |                      1 |
+-----------+-------------+-------------------+----------------+------------------+----------------+------------------+--------------------+------------------+------------------------+--------------------------+------------------------+
|     1.925 |        1.5  |                 2 |        27.3921 |          51.4049 |         57.116 |          23.3662 |            43.4374 |          9.95462 |                      1 |                        1 |                      1 |
+-----------+-------------+-------------------+----------------+------------------+----------------+------------------+--------------------+------------------+------------------------+--------------------------+------------------------+
|     1.925 |        1.75 |                 2 |        27.3921 |          51.8306 |         57.116 |          23.3662 |            43.6676 |          9.95462 |                      1 |                        1 |                      1 |
+-----------+-------------+-------------------+----------------+------------------+----------------+------------------+--------------------+------------------+------------------------+--------------------------+------------------------+
|     1.925 |        2    |                 2 |        27.3921 |          52.1602 |         57.116 |          23.3662 |            43.8414 |          9.95462 |                      1 |                        1 |                      1 |
+-----------+-------------+-------------------+----------------+------------------+----------------+------------------+--------------------+------------------+------------------------+--------------------------+------------------------+
|     2     |        1    |                 2 |        27.4708 |          50.012  |         57.116 |          23.4121 |            42.6436 |          9.95462 |                      1 |                        1 |                      1 |
+-----------+-------------+-------------------+----------------+------------------+----------------+------------------+--------------------+------------------+------------------------+--------------------------+------------------------+
|     2     |        1.25 |                 2 |        27.4708 |          50.8314 |         57.116 |          23.4121 |            43.1178 |          9.95462 |                      1 |                        1 |                      1 |
+-----------+-------------+-------------------+----------------+------------------+----------------+------------------+--------------------+------------------+------------------------+--------------------------+------------------------+
|     2     |        1.5  |                 2 |        27.4708 |          51.4049 |         57.116 |          23.4121 |            43.4374 |          9.95462 |                      1 |                        1 |                      1 |
+-----------+-------------+-------------------+----------------+------------------+----------------+------------------+--------------------+------------------+------------------------+--------------------------+------------------------+
|     2     |        1.75 |                 2 |        27.4708 |          51.8306 |         57.116 |          23.4121 |            43.6676 |          9.95462 |                      1 |                        1 |                      1 |
+-----------+-------------+-------------------+----------------+------------------+----------------+------------------+--------------------+------------------+------------------------+--------------------------+------------------------+
|     2     |        2    |                 2 |        27.4708 |          52.1602 |         57.116 |          23.4121 |            43.8414 |          9.95462 |                      1 |                        1 |                      1 |
+-----------+-------------+-------------------+----------------+------------------+----------------+------------------+--------------------+------------------+------------------------+--------------------------+------------------------+